%% Datos 

% para 60
v60=[50 , 0;100 , 0;150 , 1;201 , 1;251 , 1;302 , 1;352 , 1;403 , 2;453 , 2;503 , 2;553 , 2;605 , 3;655 , 3;705 , 3;755 , 3;806 , 4;857 , 4;907 , 4;957 , 4;1008 , 5;1058 , 5;1108 , 5;1160 , 6;1210 , 6;1260 , 6;1310 , 6;1361 , 7;1412 , 7;1462 , 7;1513 , 8;1563 , 8;1613 , 8;1665 , 8;1715 , 9;1765 , 9;1815 , 9;1866 , 9;1916 , 10;1967 , 10;2018 , 10;2068 , 11;2118 , 11;2169 , 11;2220 , 11;2271 , 12;2321 , 12;2371 , 12;2422 , 13;2472 , 13;2523 , 13;2574 , 13;2624 , 14;2674 , 14;2725 , 14;2776 , 14;2826 , 15;2877 , 15;2927 , 15;2977 , 16;3028 , 16;3079 , 16;3130 , 16;3180 , 17;3230 , 17;3281 , 17;3332 , 18;3382 , 18;3433 , 18;3483 , 18;3533 , 19;3585 , 19;3635 , 19;3685 , 20;3736 , 20;3786 , 20;3836 , 20;3888 , 21;3938 , 21;3989 , 21;4039 , 21;4089 , 22;4141 , 22;4191 , 22;4241 , 23;4292 , 23;4342 , 23;4392 , 23;4444 , 24;4494 , 24;4544 , 24;4595 , 25;4645 , 25;4697 , 25;4747 , 25;4797 , 26;4848 , 26;4898 , 26;4948 , 27;5000 , 27;5050 , 27;5100 , 27;5151 , 28;5201 , 28;5252 , 28;5303 , 29;5353 , 29;5403 , 29;5454 , 29;5505 , 30;5556 , 30;5606 , 30;5656 , 30;5707 , 31;5757 , 31;5808 , 31;5859 , 32;5909 , 32;5959 , 32;6010 , 32;6061 , 33;6111 , 33;6162 , 33;6212 , 34;6263 , 34;6313 , 34;6364 , 34;6415 , 35;6465 , 35;6515 , 35;6566 , 36;6617 , 36;6667 , 36;6718 , 36;6768 , 37;6818 , 37;6870 , 37;6920 , 38;6970 , 38;7021 , 38;7071 , 38;7122 , 39;7173 , 39;7223 , 39;7274 , 40;7324 , 40;7374 , 40;7426 , 40;7476 , 41;7526 , 41;7577 , 41;7627 , 42;7677 , 42;7729 , 42;7779 , 42;7829 , 43;7880 , 43;7930 , 43;7982 , 43;8032 , 44;8082 , 44;8133 , 44;8183 , 45;8233 , 45;8285 , 45;8335 , 45;8385 , 46;8436 , 46;8486 , 46;8537 , 47;8588 , 47;8638 , 47;8689 , 47;8739 , 48;8790 , 48;8841 , 48;8891 , 49;8941 , 49;8992 , 49;9042 , 49;9093 , 50;9144 , 50;9194 , 50;9244 , 51;9295 , 51;9346 , 51;9397 , 51;9447 , 52;9497 , 52;9548 , 52;9598 , 53;9649 , 53;9700 , 53;9750 , 53;9800 , 54;9851 , 54;9902 , 54;9952 , 55;10003 , 55;10053 , 55;10104 , 55;10155 , 56;10205 , 56;10256 , 56;10306 , 57;10357 , 57;10407 , 57;10458 , 57;10509 , 58;10559 , 58;10610 , 58;10660 , 59;10711 , 59;10762 , 59;10812 , 59;10863 , 60;10913 , 60;10963 , 60;11015 , 61;11065 , 61;11116 , 61;11166 , 61;11216 , 62;11268 , 62;11318 , 62;11369 , 63;11419 , 63;11469 , 63;11521 , 63;11571 , 64;11622 , 64;11672 , 64;11723 , 65;11773 , 65;11824 , 65;11875 , 65;11925 , 66;11976 , 66;12026 , 66;12077 , 67;12128 , 67;12178 , 67;12229 , 67;12279 , 68;12329 , 68;12381 , 68;12431 , 69;12482 , 69;12532 , 69;12582 , 69;12634 , 70;12684 , 70;12735 , 70;12785 , 71;12835 , 71;12887 , 71;12937 , 71;12988 , 72;13038 , 72;13088 , 72;13139 , 73;13190 , 73;13241 , 73;13291 , 73;13341 , 74;13392 , 74;13443 , 74;13494 , 75;13544 , 75;13594 , 75;13645 , 75;13696 , 76;13747 , 76;13797 , 76;13847 , 77;13898 , 77;13948 , 77;14000 , 77;14050 , 78;14101 , 78;14151 , 78;14201 , 79;14253 , 79;14303 , 79;14354 , 79;14404 , 80;14454 , 80;14505 , 80;14556 , 81;14607 , 81;14657 , 81;14707 , 81;14758 , 82;14809 , 82;14860 , 82;14910 , 83;14960 , 83;15011 , 83;15062 , 83;15113 , 84;15163 , 84;15213 , 84;15264 , 85;15314 , 85;15366 , 85;15416 , 85;15466 , 86;15517 , 86;15567 , 86;15619 , 87;15669 , 87;15719 , 87;15770 , 87;15820 , 88;15872 , 88;15922 , 88;15972 , 89;16023 , 89;16073 , 89;16124 , 89;16175 , 90;16225 , 90;16276 , 90;16326 , 91;16377 , 91;16428 , 91;16479 , 91;16529 , 92;16579 , 92;16630 , 92;16680 , 93;16732 , 93;16782 , 93;16832 , 93;16883 , 94;16933 , 94;16985 , 94;17035 , 95;17085 , 95;17136 , 95;17186 , 95;17238 , 96;17288 , 96;17338 , 96;17389 , 97;17439 , 97;17490 , 97;17541 , 98;17591 , 98;17642 , 98;17692 , 98;17743 , 99;17794 , 99;17844 , 99;17895 , 100;17945 , 100;17996 , 100;18046 , 100;18098 , 101;18148 , 101;18199 , 101;18249 , 102;18299 , 102;18351 , 102;18401 , 102;18452 , 103;18502 , 103;18553 , 103;18604 , 104;18655 , 104;18705 , 104;18756 , 104;18806 , 105;18856 , 105;18908 , 105;18958 , 106;19009 , 106;19059 , 106;19110 , 107;19161 , 107;19212 , 107;19262 , 107;19313 , 108;19363 , 108;19414 , 108;19465 , 109;19515 , 109;19566 , 109;19616 , 109;19667 , 110;19718 , 110;19769 , 110;19819 , 111;19870 , 111;19920 , 111;19971 , 111;20022 , 112;20072 , 112;20123 , 112;20173 , 113;20225 , 113;20275 , 113;20326 , 113;20376 , 114;20427 , 114;20477 , 114;20528 , 115;20579 , 115;20629 , 115;20680 , 115;20730 , 116;20782 , 116;20832 , 116;20883 , 117;20933 , 117;20984 , 117;21035 , 118;21085 , 118;21136 , 118;21186 , 118;21237 , 119;21287 , 119;21339 , 119;21389 , 120;21440 , 120;21490 , 120;21541 , 120;21592 , 121;21642 , 121;21693 , 121;21743 , 122;21794 , 122;21844 , 122;21896 , 122;21946 , 123;21997 , 123;22047 , 123;22098 , 124;22149 , 124;22199 , 124;22250 , 124;22300 , 125;22351 , 125;22402 , 125;22453 , 126;22503 , 126;22554 , 126;22604 , 126;22656 , 127;22706 , 127;22756 , 127;22807 , 128;22857 , 128;22908 , 128;22959 , 129;23010 , 129;23060 , 129;23111 , 129;23161 , 130;23213 , 130;23263 , 130;23313 , 131;23364 , 131;23414 , 131;23465 , 131;23516 , 132;23567 , 132;23617 , 132;23668 , 133;23718 , 133;23770 , 133;23820 , 133;23870 , 134;23921 , 134;23971 , 134;24023 , 135;24073 , 135;24124 , 135;24174 , 135;24225 , 136;24275 , 136;24327 , 136;24377 , 137;24427 , 137;24478 , 137;24528 , 138;24580 , 138;24630 , 138;24681 , 138;24731 , 139;24782 , 139;24833 , 139;24884 , 140;24934 , 140;24984 , 140;25035 , 140;25085 , 141;25137 , 141;25187 , 141;25238 , 142;25288 , 142;25339 , 142;25390 , 142;25441 , 143;25491 , 143;25542 , 143;25592 , 144;25643 , 144;25694 , 144;25744 , 144;25795 , 145;25845 , 145;25896 , 145;25947 , 146;25998 , 146;26048 , 146;26098 , 146;26149 , 147;26200 , 147;26251 , 147;26301 , 148;26352 , 148;26402 , 148;26454 , 149;26504 , 149;26555 , 149;26605 , 149;26655 , 150;26706 , 150;26757 , 150;26808 , 151;26858 , 15];

